# Production
170192
170212
170280
170304
170362
170363
170430
170472
170473
170475
170477
170481
170491
170498
170499
170599
170603
170608
170612
170613
170614
170615
170616
170617
170619
170624
170626
170765
170767
170768
170771
170785
170787
170788
170790
170791
170793
170794
170796
170797
170798
170802
170803
170805
170806
170807
170808
170810
170817
170823
170827
170835
170840
170842
170844
170847
170848
170854
170855
170868
170869
170870
170871
170872
170882
170883
170884
170885
170886
170898
170902
170904
170906
170907
170908
170913
170914
170918
170920
170924
170925
170926
170927
170928
170929
170930
170931
170932
170933
170934
170940
170943
170944
170945
170946
170947
170948
170949
170950
170951
170952
170953
170954
170955
170956
170957
170958
170959
170960
170961
170962
170965
170966
170967
170968
170969
170970
170971
170972
170974
170975
170976
170977
170978
170979
171043
171044
171050
171054
171102
171105
171118
171119
171120
171121
171125
171158
171159
171267
171268
171269
171270
171271
171272
171273
171274
171275
171276
171277
171278
171279
171329
171330
171331
171332
171333
171351
171352
171353
171354
171355
171356
171357
171410
171411
171418
171419
171420
171428
171429
171430
171433
171439
171441
171444
171446
171447
171449
171450
171455
171456
171458
171461
171463
171476
171477
171479
171481
171482
171487
171488
171490
171500
171505
171509
171513
171516
171517
171519
171595
171596
171597
171598
171599
171600
171601
171605
171606
171607
171608
171609
171610
171611
171612
171613
171614
171616
171617
171618
171619
171620
171621
171622
171623
171624
171625
171626
171628
171629
171630
171631
171632
171633
171634
171635
171636
171637
171642
171643
171644
171645
171646
171650
171651
171652
171660
171661
171662
171663
171672
171673
171676
171678
171679
171680
171681
171682
171683
171684
171686
171687
171688
171689
171690
171691
171695
171697
171698
171701
171702
171703
171704
171705
171706
171707
171708
171709
171712
171713
171719
171720
171721
171722
171723
171725
171728
171730
171758
171768
171769
171770
171871
171996
172004
172005
172006
172008
172009
172065
172066
172099
172100
172101
172102
172103
172104
172109
172110
172111
172112
172113
172114
172115
172117
172118
172119
172120
172121
172123
172124
172125
172127
172132
172133
172134
172135
172137
172145
172146
172147
172148
172149
172155
172158


# dev
24556
24557
24558
24559
24560
24561
24562
24584
24585
24586
24587
24588
24589
24590
24591
24592
24593
24594
24596
24597
24598
24599
24600
24601
24602
24603
24604
24605
24606
24607
24608
24609
24610
24611
24612
24613
24614
24749
24756
24757
24759
24760
24761
24762
24763
24764
24765
24771
24772
24773
